    1.2690    -1.5487     3.7882     1.9692    -2.7701     3.1553     3.1051    -3.0689     3.4576     1.3577    -3.4837     2.1950    -0.0280    -3.3614     1.7465    -1.0053    -4.0820     2.7396    -0.4863    -1.9849     1.1869    -1.5205    -1.4494     1.6799     0.3227    -1.3042     0.3902    -1.3917     0.2977    -0.7332    -1.4343     0.1369    -1.9246    -2.3268     0.9226    -0.0585    -2.6630     2.3783    -0.1760    -2.0209     3.1080     1.0316    -2.4944     3.1503    -1.5117    -2.3574     4.3818    -1.5254    -2.6585     2.5076    -2.6877    -2.5390     3.0999    -4.0053
    1.3404    -1.5643     3.8394     1.9869    -2.6795     3.0171     3.1801    -2.8030     3.0850     1.2718    -3.5108     2.2469    -0.0180    -3.4856     1.6338    -1.0415    -4.1064     2.5348    -0.5078    -2.0612     1.1083    -1.5461    -1.5541     1.5916     0.3314    -1.3651     0.2758    -1.3426     0.3386    -0.6387    -1.5541    -0.0067    -1.7989    -2.0742     1.2252     0.0356    -2.8884     2.3925    -0.2985    -2.7085     3.3338     0.8731    -2.5641     3.1496    -1.6430    -2.3086     4.2991    -1.6001    -2.6319     2.4186    -2.7562    -2.4161     2.9912    -4.0713
    1.6658    -1.5352     4.1083     1.9440    -2.4639     2.9417     3.0491    -2.6127     2.4430     1.0135    -3.3892     2.6903     0.0845    -3.4660     1.5699    -1.0358    -4.3896     2.0845    -0.4285    -2.1087     1.0384    -1.4955    -1.6591     1.5269     0.3596    -1.3975     0.2684    -1.3320     0.3521    -0.5700    -1.6220    -0.0595    -1.7009    -2.0038     1.3099     0.0403    -2.9506     2.3015    -0.4216    -3.0469     3.2287     0.8688    -2.5878     3.0889    -1.6907    -2.3219     4.2986    -1.6852    -2.5714     2.3862    -2.8075    -2.3582     2.9582    -4.1395
    2.0136    -1.6308     4.1718     1.9841    -2.4025     2.9252     2.8634    -2.4108     2.0701     0.8877    -3.1316     2.7368     0.2721    -3.5257     1.4594    -0.8044    -4.5346     1.7574    -0.3766    -2.2157     0.8581    -1.5505    -1.8756     1.1197     0.4075    -1.4209     0.1180    -1.3136     0.3971    -0.5727    -1.7308    -0.0989    -1.6307    -1.9303     1.3624     0.0558    -2.9477     2.2919    -0.4573    -3.3316     3.2847     0.6320    -2.6314     2.9425    -1.8053    -2.3309     4.1537    -1.7882    -2.6379     2.2276    -2.9423    -2.3503     2.8566    -4.2399
    2.2298    -1.7918     4.1304     1.9923    -2.3914     2.7154     2.8070    -2.1480     1.8522     0.8370    -3.0136     2.5835     0.3281    -3.4822     1.3185    -0.6748    -4.6328     1.6041    -0.3064    -2.2758     0.5512    -1.5044    -2.1102     0.6330     0.4946    -1.3212     0.0192    -1.3197     0.4207    -0.5768    -1.6658    -0.1482    -1.6371    -1.9804     1.3981    -0.0047    -3.0867     2.1340    -0.5638    -3.5378     3.0996     0.5191    -2.7016     2.9158    -1.9164    -2.4849     4.1060    -1.9253    -2.6502     2.0811    -2.9558    -2.3690     2.6190    -4.3321
    2.3786    -1.7428     3.9925     2.0456    -2.2482     2.5924     2.8108    -2.0561     1.7173     0.9077    -2.9552     2.4412     0.3539    -3.4509     1.1677    -0.6579    -4.5215     1.4904    -0.1671    -2.3259     0.2839    -1.3443    -2.4000    -0.0727     0.5794    -1.2817    -0.0491    -1.4109     0.3040    -0.5901    -1.8335    -0.2245    -1.6413    -2.0636     1.3962    -0.0760    -3.2151     2.0824    -0.6262    -3.7053     3.1460     0.3668    -2.8915     2.7510    -2.0164    -2.6035     3.9467    -2.0950    -2.7314     1.9150    -3.0644    -2.4710     2.3453    -4.4627
    2.3797    -1.7357     3.8638     2.0050    -2.2571     2.4868     2.8167    -2.0831     1.5671     0.8024    -2.7754     2.2891     0.3825    -3.4293     1.0691    -0.7930    -4.3767     1.3953     0.0075    -2.3793    -0.0439    -1.0179    -2.6436    -0.6749     0.6796    -1.2673    -0.2111    -1.4352     0.3395    -0.5774    -1.9368    -0.3448    -1.4683    -2.0597     1.3959    -0.0789    -3.2483     2.0304    -0.6878    -3.8220     3.0888     0.3034    -2.9340     2.6199    -2.0821    -2.7532     3.8273    -2.2680    -2.8673     1.7346    -3.1094    -2.5392     2.0754    -4.5058
    2.3379    -1.7496     3.7208     2.0041    -2.2361     2.3258     2.8385    -2.1638     1.5065     0.7794    -2.6915     2.1191     0.3535    -3.3566     0.8807    -0.8971    -4.1410     1.2667     0.1611    -2.3866    -0.3369    -0.4685    -2.8007    -1.2845     0.7088    -1.1529    -0.3717    -1.4521     0.2953    -0.5333    -2.0146    -0.4749    -1.3511    -2.0703     1.3410    -0.1426    -3.2194     1.9314    -0.7361    -3.8170     3.0165     0.1692    -2.9676     2.4657    -2.1485    -2.7570     3.6808    -2.3571    -2.7991     1.5645    -3.1452    -2.5654     1.8615    -4.5506
    2.2751    -1.7216     3.6381     1.9958    -2.2100     2.2340     2.8862    -2.1643     1.3920     0.7315    -2.6133     2.0057     0.3470    -3.2641     0.7779    -1.0212    -3.9102     0.9754     0.3539    -2.4013    -0.5767    -0.0145    -2.8904    -1.6118     0.7050    -1.0892    -0.6301    -1.4808     0.1847    -0.4542    -2.0615    -0.5988    -1.1269    -2.0802     1.3252    -0.1688    -3.3049     1.8512    -0.7936    -3.8760     3.0441     0.0835    -3.0249     2.2967    -2.2797    -2.8453     3.4473    -2.5647    -2.8640     1.2597    -3.1539    -2.6269     1.4470    -4.5670
    2.1805    -1.8931     3.5500     1.9292    -2.2777     2.0952     2.8477    -2.2306     1.3044     0.6839    -2.6985     1.7958     0.2964    -3.2215     0.4987    -1.0977    -3.7610     0.6570     0.4646    -2.3480    -0.7894     0.4237    -2.9232    -1.8839     0.6758    -0.9995    -0.7737    -1.5064     0.1226    -0.3426    -2.1312    -0.7619    -0.8881    -2.0615     1.3210    -0.2246    -3.3073     1.7745    -0.8793    -3.9119     2.9898    -0.1442    -3.0852     2.0547    -2.3651    -2.9845     3.1996    -2.8094    -2.9310     1.0059    -3.1621    -2.6475     1.0567    -4.5777
    2.1647    -1.9744     3.4090     1.9507    -2.3920     1.9361     2.9077    -2.2965     1.1681     0.7185    -2.7168     1.5635     0.3813    -3.2147     0.2328    -1.0383    -3.8506     0.2728     0.5436    -2.2113    -0.9569     0.5551    -2.6852    -2.1004     0.7262    -0.9132    -0.8100    -1.4880     0.0671    -0.3970    -2.0902    -0.8665    -0.8107    -2.1034     1.3102    -0.2862    -3.3686     1.6720    -0.9482    -3.9041     2.9594    -0.2685    -3.1495     1.7979    -2.4551    -3.2043     2.8861    -3.0009    -2.9429     0.6608    -3.1310    -2.6841     0.6023    -4.6045
    2.0957    -2.2375     3.3575     1.8937    -2.4961     1.8666     2.8359    -2.3629     1.1439     0.6888    -2.8090     1.3721     0.4178    -3.1742    -0.0070    -0.9189    -3.9130    -0.0413     0.5714    -2.1283    -1.1035     0.6131    -2.4029    -2.2667     0.7936    -0.8377    -0.8738    -1.5062     0.0690    -0.3850    -2.1316    -0.9364    -0.6582    -2.0865     1.2350    -0.4276    -3.4158     1.5489    -1.0817    -3.9035     2.9283    -0.4420    -3.2342     1.5188    -2.5448    -3.3728     2.5399    -3.2241    -2.9733     0.3092    -3.1351    -2.7077     0.0839    -4.5720
    1.9611    -2.4291     3.2331     1.8614    -2.6543     1.7383     2.8939    -2.3608     1.0523     0.7208    -3.0045     1.2176     0.4975    -3.2281    -0.1965    -0.7439    -4.0645    -0.3507     0.5656    -2.0356    -1.1989     0.4385    -2.2774    -2.4293     0.8350    -0.7698    -0.8454    -1.5170    -0.0492    -0.3858    -2.1118    -1.0272    -0.5952    -2.1101     1.1188    -0.4764    -3.3998     1.3444    -1.1419    -3.9276     2.7160    -0.6941    -3.2925     1.2406    -2.6851    -3.4703     2.1641    -3.4375    -2.9929     0.0220    -3.1806    -2.8594    -0.3184    -4.5694
    1.9449    -2.7400     3.1638     1.8841    -2.7802     1.6090     2.8605    -2.3672     0.9783     0.8271    -3.2153     1.0322     0.6636    -3.2875    -0.4221    -0.5889    -4.1708    -0.7594     0.5785    -1.9765    -1.2173     0.0659    -1.9322    -2.3256     0.9685    -0.8514    -0.6385    -1.4617    -0.0262    -0.3795    -2.1129    -1.0731    -0.4025    -2.0802     1.1508    -0.6534    -3.4102     1.2866    -1.2657    -3.9467     2.6645    -0.8626    -3.3814     1.0497    -2.7633    -3.6016     1.9369    -3.5603    -3.0139    -0.1787    -3.1167    -2.8385    -0.6518    -4.5063
    1.8836    -3.0747     3.0460     1.9482    -2.9014     1.5067     2.8787    -2.3531     1.0167     0.8828    -3.2863     0.7945     0.8258    -3.3417    -0.7236    -0.3388    -4.2720    -1.1465     0.6023    -1.9247    -1.2827     0.0468    -1.7927    -2.3562     0.9453    -0.8414    -0.5551    -1.4785    -0.0414    -0.3728    -2.0874    -1.1600    -0.3277    -2.0763     1.0910    -0.7750    -3.3768     1.1736    -1.3629    -3.9277     2.5752    -1.1045    -3.4138     0.7643    -2.8584    -3.7249     1.5810    -3.7398    -3.0323    -0.4894    -3.1515    -2.8850    -0.9954    -4.5392
    1.8510    -3.3211     2.8281     2.0083    -3.0564     1.3611     2.9345    -2.4115     0.9561     1.0652    -3.5388     0.5347     1.0044    -3.3203    -0.9038    -0.0402    -4.3073    -1.4049     0.6468    -1.8594    -1.3571     0.0005    -1.6364    -2.3648     0.9807    -0.9119    -0.4779    -1.4458    -0.1198    -0.4377    -2.0664    -1.1673    -0.2481    -2.0815     0.9776    -0.8348    -3.4574     1.0388    -1.4258    -3.9530     2.5316    -1.3605    -3.4803     0.4669    -2.8448    -3.7331     1.1530    -3.8636    -2.9994    -0.7657    -3.0290    -2.8931    -1.4527    -4.3031
    1.8524    -3.5954     2.6821     1.9851    -3.1742     1.2391     2.8954    -2.4387     0.9403     1.0909    -3.5806     0.3449     1.1610    -3.2327    -1.0705     0.2810    -4.3247    -1.7863     0.6864    -1.8143    -1.3310     0.1665    -1.5010    -2.3859     0.9414    -0.8739    -0.4442    -1.4181    -0.1228    -0.4177    -2.0770    -1.1260    -0.1488    -2.0680     0.8908    -1.0225    -3.4225     0.8862    -1.5357    -3.8908     2.3683    -1.5841    -3.4558     0.2069    -2.9323    -3.8418     0.8297    -3.9517    -3.0536    -1.0729    -2.9352    -2.9671    -1.8711    -4.1806
    1.8098    -3.8483     2.4759     2.0665    -3.2445     1.0973     2.9544    -2.4357     0.8927     1.2689    -3.6242     0.1069     1.3458    -3.1785    -1.3073     0.5814    -4.2450    -2.1259     0.8204    -1.7477    -1.4462     0.1679    -1.4222    -2.4348     0.9389    -0.8729    -0.4160    -1.4236    -0.1911    -0.4377    -2.0109    -1.2495    -0.1132    -2.0260     0.8131    -1.1353    -3.3658     0.7291    -1.7062    -3.8481     2.1742    -1.8892    -3.3785    -0.0650    -3.0028    -3.7063     0.3884    -4.0674    -2.9872    -1.3370    -2.9079    -2.9204    -2.2643    -4.0268
    1.8274    -4.0981     2.3092     2.1324    -3.3760     1.0006     2.9676    -2.5094     0.9632     1.3816    -3.6858    -0.0930     1.5072    -3.0931    -1.4618     0.8221    -4.0732    -2.4653     0.8819    -1.6317    -1.5055     0.1981    -1.3374    -2.4775     1.0193    -0.8774    -0.4009    -1.4098    -0.2596    -0.4608    -2.0584    -1.2596    -0.0887    -2.0159     0.7034    -1.2018    -3.3357     0.6003    -1.7415    -3.7912     2.0293    -2.0937    -3.3868    -0.3217    -2.9751    -3.6991     0.0815    -4.0894    -3.0998    -1.6012    -2.7758    -2.9883    -2.6447    -3.7910
    1.8646    -4.3154     2.0453     2.1907    -3.4531     0.8262     2.8993    -2.4509     0.9648     1.5080    -3.6370    -0.2892     1.6189    -2.9319    -1.5692     1.0477    -3.8501    -2.6592     0.9669    -1.5375    -1.5532     0.2667    -1.1252    -2.4884     0.9807    -0.9124    -0.3647    -1.4273    -0.2222    -0.4307    -2.0547    -1.2066     0.0541    -2.0318     0.5906    -1.2962    -3.3474     0.4514    -1.8925    -3.7074     1.8440    -2.3908    -3.3082    -0.6176    -3.0392    -3.5569    -0.3750    -4.2194    -3.0945    -1.8937    -2.6347    -3.0649    -3.0975    -3.5064
    1.9034    -4.3657     1.7988     2.2166    -3.4391     0.6961     2.9227    -2.4657     0.9108     1.6141    -3.6576    -0.4825     1.7137    -2.8413    -1.6659     1.3377    -3.7320    -2.8604     1.0282    -1.4542    -1.6269     0.3615    -0.9945    -2.6139     0.9707    -0.8298    -0.4378    -1.4510    -0.3068    -0.4271    -2.1175    -1.3007     0.0572    -1.9261     0.4386    -1.4253    -3.2525     0.2626    -2.0625    -3.6805     1.6392    -2.6530    -3.2730    -0.9311    -3.0338    -3.3870    -0.7622    -4.2218    -3.2000    -2.1808    -2.4977    -3.1268    -3.4137    -3.2634
    2.0328    -4.6369     1.5451     2.2983    -3.5146     0.5510     2.9554    -2.5485     0.9034     1.7724    -3.6572    -0.6379     1.9612    -2.6688    -1.7225     1.6690    -3.4734    -2.9777     1.1747    -1.3437    -1.6573     0.5837    -0.8573    -2.6325     1.0094    -0.8682    -0.4376    -1.4402    -0.3281    -0.4165    -2.1340    -1.1766     0.1580    -1.9332     0.3337    -1.4771    -3.2204     0.0824    -2.1370    -3.6217     1.3975    -2.8895    -3.1878    -1.1948    -2.9490    -3.1106    -1.1389    -4.1770    -3.2701    -2.3857    -2.3516    -3.2591    -3.6891    -3.0233
    2.0788    -4.6504     1.5130     2.2839    -3.5318     0.4922     2.9031    -2.5831     0.8689     1.7608    -3.6275    -0.7422     1.9681    -2.6274    -1.8529     1.9392    -3.3116    -3.2499     1.1888    -1.2763    -1.6677     0.6962    -0.6493    -2.5963     1.0759    -0.8602    -0.3995    -1.4315    -0.4010    -0.4582    -2.1342    -1.1768     0.2035    -1.8788     0.1177    -1.5820    -3.1151    -0.1546    -2.2523    -3.5437     1.0345    -3.1377    -3.0675    -1.5012    -2.9298    -2.7781    -1.5927    -4.1327    -3.3303    -2.6059    -2.1821    -3.4219    -3.9949    -2.7428
    2.1454    -4.7590     1.2363     2.4142    -3.5904     0.3610     2.9261    -2.5756     0.8048     1.8599    -3.6724    -0.8591     1.8290    -2.6443    -1.8692     2.3061    -3.0320    -3.2276     1.2602    -1.2264    -1.6989     0.8643    -0.5421    -2.6726     1.0697    -0.8165    -0.4817    -1.4270    -0.3889    -0.4691    -2.1260    -1.0722     0.2685    -1.7900     0.0032    -1.6924    -3.0469    -0.3442    -2.2851    -3.4435     0.7113    -3.3260    -2.9390    -1.7689    -2.8317    -2.3904    -2.0009    -3.9247    -3.4580    -2.7428    -2.1195    -3.4586    -4.1358    -2.4955
    2.1945    -4.8152     1.0600     2.3072    -3.5581     0.2537     2.9038    -2.6008     0.7298     1.8122    -3.5582    -1.0324     1.9696    -2.4610    -1.9185     2.5371    -2.8171    -3.2971     1.2914    -1.1048    -1.7200     0.8581    -0.4486    -2.6864     1.1130    -0.7591    -0.4554    -1.4185    -0.4444    -0.4560    -2.1953    -1.1183     0.2482    -1.7548    -0.0734    -1.7005    -2.9795    -0.6222    -2.3063    -3.3737     0.3173    -3.4943    -2.7632    -2.1093    -2.7053    -2.0191    -2.4286    -3.6295    -3.5800    -2.9778    -2.1048    -3.5300    -4.4206    -2.3259
    2.2089    -4.8095     0.9396     2.4297    -3.5083     0.1563     2.9491    -2.5782     0.6643     1.9311    -3.5188    -1.0784     1.8673    -2.5186    -2.1587     2.9378    -2.6781    -3.2562     1.3419    -1.1157    -1.7717     1.0318    -0.2672    -2.6232     1.0834    -0.8351    -0.4941    -1.3920    -0.4821    -0.4396    -2.1654    -1.0626     0.3342    -1.6771    -0.2802    -1.7457    -2.7891    -0.8475    -2.4404    -3.3019    -0.0870    -3.6725    -2.6710    -2.3528    -2.5926    -1.7268    -2.8183    -3.2571    -3.5778    -3.1580    -2.0566    -3.5017    -4.6102    -2.0929
    2.1961    -4.8540     0.7818     2.4057    -3.5188     0.1044     2.9405    -2.5790     0.6946     2.0339    -3.4147    -1.1960     2.0269    -2.2990    -2.1572     2.9233    -2.4619    -3.3880     1.4364    -0.9433    -1.7602     1.0400    -0.2084    -2.6368     1.1193    -0.6992    -0.4957    -1.3506    -0.4706    -0.4102    -2.1324    -1.0183     0.3918    -1.6624    -0.3580    -1.7411    -2.6461    -1.1126    -2.4734    -3.2575    -0.4053    -3.6640    -2.4283    -2.6058    -2.4392    -1.4112    -3.1619    -2.8279    -3.4654    -3.3814    -2.0510    -3.4642    -4.8581    -1.9407
    2.0223    -4.8175     0.5879     2.3822    -3.4472    -0.0331     2.8871    -2.5956     0.6803     2.1155    -3.2768    -1.3260     2.3958    -2.0656    -2.1346     2.9178    -2.2962    -3.5436     1.4528    -0.8379    -1.8199     1.0485    -0.0781    -2.6706     1.1396    -0.6838    -0.5241    -1.3067    -0.5363    -0.4955    -2.2160    -0.8632     0.2531    -1.4982    -0.5278    -1.8589    -2.5315    -1.3438    -2.4517    -2.9855    -0.8582    -3.8581    -2.2821    -2.8659    -2.3185    -1.1751    -3.3420    -2.4928    -3.3036    -3.6243    -1.9352    -3.2675    -5.0851    -1.6678
    1.9938    -4.8220     0.3277     2.4241    -3.4351    -0.1544     2.8463    -2.6653     0.6665     2.2768    -3.1793    -1.4516     2.6410    -1.8771    -2.0851     2.9297    -2.1500    -3.5610     1.5875    -0.7256    -1.7693     1.0923    -0.0579    -2.6532     1.2062    -0.6105    -0.4905    -1.3555    -0.5489    -0.5232    -2.2621    -0.9021     0.2285    -1.4623    -0.7205    -1.8709    -2.4895    -1.5980    -2.4309    -2.6152    -1.3006    -3.9291    -2.1651    -3.0513    -2.1050    -0.9755    -3.4602    -2.2507    -3.1545    -3.8797    -1.8223    -3.0085    -5.2862    -1.4987
    1.8672    -4.7230     0.1686     2.4254    -3.4046    -0.2268     2.9056    -2.6199     0.6117     2.3715    -3.0296    -1.5415     2.7402    -1.7070    -2.0558     3.0404    -1.9123    -3.5614     1.6653    -0.6728    -1.7505     1.1660     0.0534    -2.6448     1.2245    -0.5920    -0.5133    -1.3530    -0.6240    -0.5731    -2.2313    -0.8791     0.2055    -1.3754    -0.9245    -1.8474    -2.3347    -1.8732    -2.4078    -2.3580    -1.7252    -3.9382    -2.0171    -3.3139    -1.9200    -0.8507    -3.7380    -1.9714    -3.0257    -4.0872    -1.5859    -2.8453    -5.4457    -1.1085
